tree
version=v4
num_class=1
num_tree_per_iteration=1
label_index=0
max_feature_idx=48
objective=regression
feature_names=body_pct close_pos range_pct wick_imbalance body_consistency_5 range_expansion_3 price_acceleration dist_to_high_20 dist_to_low_20 close_position_10 ret_1 ret_3 ret_6 ret_12 consecutive_dir momentum_strength ret_z_6 trend_50 pullback_depth atr_pct atr_pct_lagged atr_percentile_50 squeeze_score vol_regime vol_ratio vol_z vol_skew vol_acceleration volume_conviction btc_ret_1m btc_ret_5m btc_impulse_score alt_btc_lag_1 alt_btc_spread_5m funding_rate_z oi_change_1h oi_change_4h funding_oi_divergence ret_1h ema_trend_1h vol_regime_1h atr_pct_1h sector_idx sector_momentum_5m token_rel_strength hour_sin hour_cos sector_idx_float price_tier
feature_infos=[-1:1] [0:1] [9.7087382577853987e-10:5.8525295257568359] [-1:1] [0:1] [5.8937525970748084e-09:5.1123361587524414] [-0.054334156215190887:0.053903333842754364] [-7.1405282020568848:0] [0:8.1029090881347656] [0:1] [-0.029401825740933418:0.054019518196582794] [-0.037512674927711487:0.058759260922670364] [-0.046432614326477051:0.06278703361749649] [-0.059286069124937057:0.063349612057209015] [-14:18] [0:6.9001049995422363] [-5:5] [-1:1] [0:1] [0.035584285855293274:1.4152110815048218] [0.035584285855293274:1.4152110815048218] [0.019999999552965164:1] [0.59531384706497192:7.9565353393554688] [0:2] [0:18.468069076538086] [-3.040987491607666:4.2482161521911621] [-1:1] [-18.235158920288086:17.715784072875977] [0:5] [-0.018578596413135529:0.038915868848562241] [-0.030339948832988739:0.04117371141910553] [0:6.8442158699035645] [-0.026570841670036316:0.02820868231356144] [-4.0502786636352539:4.0861177444458008] none none none none [-0.059286069124937057:0.063349612057209015] [-1:1] [0:2] [0.039722379297018051:1.2739697694778442] [0:2] none [-0.046432614326477051:0.06278703361749649] [-1:1] [-1:1] [0:2] [1:3]
tree_sizes=3452 3580 3563 3589 3577

Tree=0
num_leaves=31
num_cat=0
split_feature=0 19 11 15 2 41 19 15 41 27 3 41 11 11 5 1 3 15 27 3 3 31 28 41 1 11 31 46 0 3
split_gain=70.6461 24.9104 7.74617 7.40115 5.92221 4.12151 4.02954 3.52921 3.48157 3.37003 3.27408 3.14615 2.88233 2.67397 2.52257 2.37065 2.35107 1.84028 1.72631 1.62742 1.53741 1.94324 1.5913 1.3683 1.30113 1.60532 1.29942 1.28465 1.16621 1.55938
threshold=0.22235096991062167 0.43035517632961279 -0.0011874497286044059 0.96704217791557323 0.36648057401180273 0.74226349592208873 0.69868814945220958 0.25277367234230047 0.21244025975465777 -0.037232266739010804 -0.2082722336053848 0.21823456138372424 0.010950978845357897 -1.0000000180025095e-35 1.1212911605834963 0.054076207801699645 0.15391123294830325 0.3503588885068894 -1.5042830705642698 -0.62480768561363209 0.076999090611934676 0.1192683093249798 0.19045142084360125 0.1908645108342171 0.42113237082958227 -0.0010741084115579722 1.7189670801162722 -0.6035533845424651 -0.78943970799446095 0.23785475641489032
decision_type=2 2 2 2 2 2 2 2 2 2 2 2 2 2 2 2 2 2 2 2 2 2 2 2 2 2 2 2 2 2
left_child=1 2 8 6 20 10 13 -4 -1 -7 15 -9 16 -2 -12 -6 23 -10 -16 -13 21 -3 -23 -5 -22 -26 -19 -17 -20 -30
right_child=3 4 7 12 5 9 -8 11 17 -11 14 19 -14 -15 18 27 -18 26 28 -21 24 22 -24 -25 25 -27 -28 -29 29 -31
leaf_value=0.023849179420902384 0.023397142241119544 0.025571386095046542 0.023418945541452976 0.022787063379748802 0.026048237244099017 0.029596622030702215 0.025724198441668615 0.023622309065384491 0.02396998335518009 0.025690222332396127 0.026376413775184626 0.022598702969266228 0.021318197196260859 0.02296322285466363 0.026850295002350814 0.024768376980577777 0.023269732222253856 0.024634427724317821 0.026133698624175635 0.024210161093050703 0.026309416814277804 0.022606292078686727 0.024464311975159417 0.022396405470013397 0.025756790696023223 0.02352820790367189 0.023936938157108137 0.022927847276676648 0.023592925217058872 0.025404462476915878
leaf_weight=9991.2667646408081 8427.2524663805962 179.60431236028671 15457.295926392078 6518.155168235302 233.84673058986664 187.36726713180542 232.37275195121765 11780.087401032448 3508.7818744182587 194.90912491083145 1422.6351681947708 252.27146518230438 683.87701135873795 17874.596514940262 191.39614194631577 254.01567310094833 2195.0246027708054 6916.6944678425789 195.32675212621689 7020.9047765135765 202.50011569261551 504.76402753591537 283.12675404548645 8717.6508395671844 204.85848140716553 330.83453327417374 1326.7282829880714 361.96005117893219 463.09956049919128 334.59317868947983
leaf_count=10377 8681 221 17226 5000 235 214 261 12007 4033 219 1499 246 515 17488 174 261 1960 7243 190 7287 227 599 306 6812 224 372 1373 372 461 336
internal_value=0.0235282 0.023956 0.0238297 0.0229119 0.025235 0.0256719 0.0231254 0.023643 0.0241254 0.0276632 0.0254454 0.0238253 0.0225999 0.0231018 0.0257989 0.0243449 0.0226511 0.0243593 0.0250914 0.0241525 0.0242439 0.0237063 0.0232876 0.0225627 0.0249314 0.0243793 0.0245236 0.023673 0.0247333 0.0243694
internal_weight=0 61798.9 56254 44648.9 5544.84 3839.15 26534.2 34510.6 21743.5 382.276 3456.87 19053.3 18114.7 26301.8 2607.05 849.822 17430.8 11752.2 1184.42 7273.18 1705.69 967.495 787.891 15235.8 738.193 535.693 8243.42 615.976 993.019 797.693
internal_count=106419 65702 59792 40717 5910 3961 26430 36766 23026 433 3528 19540 14287 26169 2660 868 13772 12649 1161 7533 1949 1126 905 11812 823 596 8616 633 987 797
is_linear=0
shrinkage=1


Tree=1
num_leaves=31
num_cat=0
split_feature=10 20 15 20 2 41 11 3 10 18 41 3 19 10 16 19 11 11 46 1 45 33 19 10 28 6 7 10 20 2
split_gain=67.7737 22.7729 17.1658 6.76412 6.02996 5.86797 4.25161 3.49319 3.38186 2.56728 3.30197 2.28044 2.14857 2.03831 1.97522 1.80427 1.70865 4.78161 1.683 1.55806 1.953 1.53802 1.43748 1.3962 1.18209 1.08865 1.06626 1.17739 1.0556 1.04233
threshold=-0.00033965133479796345 0.42462271451950079 0.57262617349624645 0.22702094912528994 0.36648057401180273 0.64136782288551342 -0.00043746925075538451 0.17395862191915515 0.0020301223266869788 0.29788629710674291 0.68225291371345531 -0.019007412716746327 0.52361890673637401 -0.00083827317575924088 0.96113333106040966 0.59987580776214611 -0.0071102273650467387 -0.003968311706557869 0.12940952181816107 0.3331857174634934 -0.7865660786628722 -0.13791645318269727 0.59987580776214611 0.00062684022122994076 0.42307454347610479 -0.0033366592833772297 -2.0448902845382686 -0.0036507709883153434 0.14832202345132831 0.15379349887371066
decision_type=2 2 2 2 2 2 2 2 2 2 2 2 2 2 10 2 2 2 2 2 2 2 2 2 2 2 2 2 2 2
left_child=1 3 5 28 14 6 29 8 -4 16 11 -11 -9 26 19 -13 -6 -18 -7 20 -3 24 -23 -8 -10 -19 -5 -28 -1 -2
right_child=2 4 7 13 9 18 23 12 21 10 -12 15 -14 -15 -16 -17 17 25 -20 -21 -22 22 -24 -25 -26 -27 27 -29 -30 -31
leaf_value=4.3517040078496332e-05 -7.9932075598864733e-06 0.0020111869572275267 -0.00063147629513897463 0.0018071761928452564 0.002858333377996031 0.0010139156761311118 -0.00020643248155835671 -0.00034483481323965506 0.00051750680199588836 0.0016323756660318125 0.0050028067508942906 0.0027459749679155303 0.0016222026257437878 0.00037815430158281955 -0.0010014532834889903 0.0050456477838248153 -0.0011167501507034021 0.0013978979489105425 0.0036560066487834365 0.0021915315108210144 -0.00010584649176746871 -0.0011337519386508575 -0.0023285844547787935 -0.00058134842794181044 -0.00079586719428580577 0.0035478375072066698 0.00028297048359422327 0.00096371538893446978 0.00035055628746260246 0.00035475092648462993
leaf_weight=6940.818590939045 6499.5093473792076 267.08495157957077 14383.232136428356 557.77812951803207 382.7185851931572 229.84242206811905 18622.640755295753 4628.8583336472511 343.80554586648941 582.46727406978607 304.79424172639847 647.07667654752731 228.93346780538559 3477.3861302733421 173.88036167621613 200.82960617542267 236.15596389770508 241.90448093414307 188.03055757284164 438.75434476137161 467.96369105577469 9396.9585162401199 439.24567037820816 5116.7453085780144 1191.6135613322258 190.46262240409851 1186.0615766644478 9748.846398293972 13049.870966136456 6083.5279724597931
leaf_count=7066 7421 282 12416 535 388 289 20330 4423 310 610 328 675 215 3882 209 180 267 238 219 495 573 7217 373 5143 938 206 1218 10120 13341 6512
internal_value=0 0.000652453 -0.000394374 0.000485988 0.00205641 -0.000102592 -0.000130049 -0.00074419 -0.000837138 0.00258952 0.00307167 0.00264359 -0.000249133 0.000807718 0.000943465 0.00331828 0.00177773 0.00113421 0.00224412 0.00124189 0.000654891 -0.00109615 -0.00118882 -0.000287726 -0.000494845 0.00238586 0.00093669 0.00089089 0.000244474 0.000166631
internal_weight=0 39094.9 67352.9 34960.8 4134.09 36740.3 36322.4 30612.6 25754.9 2786.41 1735.17 1430.37 4857.79 14970.1 1347.68 847.906 1051.24 668.523 417.873 1173.8 735.049 11371.6 9836.2 23739.4 1535.42 432.367 11492.7 10934.9 19990.7 12583
internal_count=106419 40613 65806 36162 4451 39914 39406 25892 21254 2892 1793 1465 4638 15755 1559 855 1099 711 508 1350 855 8838 7590 25473 1248 444 11873 11338 20407 13933
is_linear=0
shrinkage=0.02


Tree=2
num_leaves=31
num_cat=0
split_feature=11 1 15 41 20 3 3 2 1 2 20 21 29 30 3 30 2 30 6 31 32 3 19 2 16 45 2 29 41 31
split_gain=36.5755 14.6645 11.7411 11.1815 7.7629 5.82652 5.10313 4.82002 4.48156 4.21279 3.72655 3.64172 3.56273 2.66487 2.24061 2.17438 2.11404 3.26209 2.08529 1.90072 1.81251 1.74355 1.84498 1.73442 1.62336 1.57536 1.50404 1.40963 1.39748 1.38462
threshold=-0.000842859677504748 0.48937906324863439 0.62613856792449962 0.44998365640640264 0.50346753001213085 -0.17639318853616712 -0.39989507198333735 0.21417544782161715 0.60012692213058483 0.31031829118728643 0.2219115421175957 0.43294872343540197 0.00088244999642483901 0.0051560357678681621 0.16675875335931781 0.0044000917114317426 0.36648057401180273 0.00098366569727659247 0.003340117866173387 0.76956528425216686 9.9050448625348522e-05 0.22919952869415286 0.5353122651576997 0.30791531503200537 -1.165405750274658 0.12940952181816109 1.0557776689529421 0.00023894682090030986 0.33556123077869421 0.61343941092491161
decision_type=2 2 2 2 2 2 2 2 2 2 2 10 2 2 2 2 2 2 2 2 2 2 2 2 10 2 2 2 2 2
left_child=3 4 9 10 6 18 23 -8 16 -3 -1 -11 -12 25 15 -4 -7 19 -5 -18 -10 27 -23 -2 -21 29 -17 -13 -9 -6
right_child=1 2 14 5 13 8 7 28 20 11 12 21 -14 -15 -16 26 17 -19 -20 24 -22 22 -24 -25 -26 -27 -28 -29 -30 -31
leaf_value=0.00019526969550503342 -0.00021321279879597192 -0.00023257253776079042 -0.00078966119615119749 0.00083632129048602912 0.0019899905723536177 0.0013946940380916446 7.8902370775285248e-06 0.00053898749265458715 9.0769446942625716e-05 -0.00040006773053467999 0.00073590313846575274 -0.00095808467323746729 -0.00018654073514233106 -8.8969024483036239e-05 -0.00035369613057674714 -0.0012235106516350256 0.0038790971299395966 0.0056291531043138393 -0.0013582309660747766 0.0030875631224359869 0.0022535349635492623 0.0012808564245062417 0.003450247205835498 -0.00094930231712329254 0.0010069628419295104 0.00070066649667171609 -0.0027249305128874985 0.0011822084493865934 0.0012743651535106796 0.0040397982359258412
leaf_weight=17187.353905141354 7433.6679602265358 18308.928935229778 17925.620719671249 655.52748817205429 397.08987885713577 374.43973779678345 10310.284918367863 3541.7498694658279 473.02435058355331 737.67723780870438 13695.891284704208 183.70688670873642 1887.8474295735359 231.39009952545166 4107.6103116869926 2324.7101657986641 368.49469041824341 191.32244312763214 230.11265075206757 299.24225455522537 235.61550498008728 578.83146011829376 231.78316026926041 1563.1299087405205 345.69715195894241 207.6836079955101 317.88808554410934 343.68271499872208 1519.4755744934082 238.31779962778091
leaf_count=17683 7754 19656 14687 758 423 447 11073 3455 482 754 14752 197 1857 239 3857 1789 398 194 244 286 262 583 236 1326 371 240 235 379 1567 235
internal_value=0 -0.000274374 -0.000491146 0.000509515 0.000109159 0.00164356 3.52799e-05 0.000257058 0.00217676 -0.000135322 0.000399251 0.000716777 0.0006235 0.00177063 -0.000784633 -0.000870143 0.00277188 0.00318711 0.000252205 0.00270099 0.000830388 0.0013395 0.00192389 -0.000342488 0.00199759 0.00229132 -0.00141079 0.000416619 0.000762361 0.00278983
internal_weight=0 70503.2 45060.4 35944.6 25442.8 3173.48 24368.3 15371.5 2287.84 20384.6 32771.1 2075.68 15583.7 1074.48 24675.8 20568.2 1579.2 1204.76 885.64 1013.43 708.64 1338 810.615 8996.8 644.939 843.091 2642.6 527.39 5061.23 635.408
internal_count=106419 68685 42373 37734 26312 3442 25175 16095 2440 21805 34292 2149 16609 1137 20568 16711 1696 1249 1002 1055 744 1395 819 9080 657 898 2024 576 5022 658
is_linear=0
shrinkage=0.02


Tree=3
num_leaves=31
num_cat=0
split_feature=10 15 19 19 19 10 11 32 24 19 27 11 2 5 3 19 1 30 12 19 22 26 22 11 11 6 11 1 5 29
split_gain=63.783 17.206 14.9383 5.59968 5.02362 4.16187 3.29299 2.99931 3.36724 2.68798 2.30151 2.28416 1.85044 2.58513 1.55099 1.62099 1.51725 1.47616 1.44764 1.63735 1.7352 1.67638 1.4529 1.3919 1.34463 1.31057 1.30164 1.24719 1.22225 1.21104
threshold=-0.00035089772427454585 0.51098281145095836 0.28793019056320196 0.62565854191780101 0.69868814945220958 0.0020777794998139147 -0.0023214388638734813 0.0022969379788264637 1.0749678015708926 0.20669493824243548 -0.36101759970188135 -0.0052963765338063231 0.23240145295858386 1.2759085297584536 0.051752038300037391 0.59987580776214611 0.77768626809120189 -0.0032522536348551507 0.0073770079761743554 0.46871551871299749 1.9331523180007937 -0.16688347607851026 2.2627449035644536 0.0004846745432587341 0.00042932735232170677 0.0067039572168141612 0.00055870896903797995 0.64710944890975963 0.88780522346496593 -0.00095861297450028349
decision_type=2 2 2 2 2 2 2 2 2 2 2 2 2 2 2 2 2 2 2 2 2 2 2 2 2 2 2 2 2 2
left_child=2 4 9 12 6 23 27 8 10 -1 -5 -7 -4 18 15 -13 -17 -8 19 28 21 -21 -22 -3 -19 -16 -11 -2 29 -14
right_child=1 5 3 7 -6 11 17 -9 -10 26 -12 14 13 -15 25 16 -18 24 -20 20 22 -23 -24 -25 -26 -27 -28 -29 -30 -31
leaf_value=0.00021383481461149446 0.00018821380134782372 -0.00031079663894304285 0.00052966636461506517 0.0012513888685105063 0.0026463384698386994 0.00072400858399933321 0.00057287455432596622 0.0047073789955979209 -7.3956645574343842e-05 0.00074185128425911589 0.0042145467664972272 -0.0010892852061332907 0.0021360326169140367 0.00062182216951669372 -0.00075657735329145526 -0.0010658226686674577 -0.0033908335547014317 -4.1105604512548262e-05 5.0016171312553339e-05 -0.00046914044171612082 0.0041597413350870083 0.0020061556138219051 0.0021355780438174835 -0.00065262579446278071 -0.00031043170599920485 0.00062142604794798684 0.00019149863837870728 0.00099553914682856616 0.0010416403703519931 0.0011386382618301682
leaf_weight=16130.265482664108 1903.0539780259132 7740.2309627532959 1941.3037297725677 200.19088208675385 268.60806328058243 294.47638964653015 1089.0737744569778 236.84382045269012 204.19519084692001 8299.384812772274 259.34656363725662 9035.661755502224 1142.8494325876236 2253.8117911815643 2294.5918678641319 237.82647305727005 250.77291959524155 15171.93362402916 314.00660914182663 176.16502857208252 195.4250174164772 260.64857774972916 797.7418720126152 13063.013931632042 14686.257639825344 303.44309377670288 2237.1558352708817 1324.9595075249672 3128.3970903754234 980.36784094572067
leaf_count=16613 2100 7213 2220 207 313 245 1202 219 204 8607 304 6936 1236 2247 1958 220 202 17079 333 218 203 295 828 11421 15642 260 2268 1400 3234 1076
internal_value=0 -0.000375335 0.000642139 0.00122554 -6.17942e-05 -0.000700091 -8.36023e-05 0.00274869 0.00201673 0.00037713 0.0029618 -0.000990788 0.00110137 0.00122007 -0.00103344 -0.00115278 -0.00229288 -0.000147274 0.00141103 0.00147344 0.00208678 0.000988752 0.00255524 -0.000525986 -0.000173931 -0.000591255 0.000626035 0.000523298 0.00130344 0.00168246
internal_weight=0 67663.9 38758.1 12091.3 34443.9 33220 34175.3 900.576 663.733 26666.8 459.537 12416.8 11190.7 9249.41 12122.3 9524.26 488.599 30947.3 6995.6 6681.59 1429.98 436.814 993.167 20803.2 29858.2 2598.03 10536.5 3228.01 5251.61 2123.22
internal_count=106503 66191 40312 12824 37736 28455 37423 934 715 27488 511 9821 11890 9670 9576 7358 422 33923 7423 7090 1544 513 1031 18634 32721 2218 10875 3500 5546 2312
is_linear=0
shrinkage=0.02


Tree=4
num_leaves=31
num_cat=0
split_feature=14 41 28 20 19 32 16 30 20 16 3 45 41 3 28 31 32 6 12 20 1 9 20 24 19 22 6 3 31 27
split_gain=56.8784 17.7488 10.1061 8.71319 8.30367 4.02908 3.68156 3.29335 2.75593 2.58743 2.52452 2.85517 2.37218 2.15601 1.95936 1.85367 1.60311 1.31925 2.21702 1.23606 1.22987 1.21402 1.1492 1.58957 1.23512 1.11358 1.17427 1.12451 1.06554 1.13325
threshold=-1.0000000180025095e-35 0.44998365640640264 0.37940125167369848 0.23248454183340075 0.7607100009918214 0.0021344620035961275 -0.3383378386497497 0.0022759052226319913 0.54880696535110485 1.103947699069977 0.21342194825410846 -0.37940952181816096 0.42634670436382299 0.43754814565181738 0.12510000914335254 0.4244541227817536 -0.00094250505208037783 -0.0036175384884700175 -0.00045806089474353934 0.15105106681585315 0.81257319450378429 0.53863427042961132 0.21061433106660846 0.72018742561340343 0.48498891294002539 2.4727898836135869 -0.0035060864174738522 -6.3084953927372554e-14 1.6096240282058718 0.54540559649467479
decision_type=2 2 2 2 2 2 8 2 2 10 2 2 2 2 2 2 2 2 2 2 2 2 2 2 2 2 2 2 2 2
left_child=1 3 4 19 6 9 22 16 -7 10 11 25 -9 20 -5 -12 -4 -13 -19 -1 -8 -21 -2 24 -24 27 -27 -3 29 -14
right_child=2 5 7 14 -6 8 13 12 -10 -11 15 17 28 -15 -16 -17 -18 18 -20 21 -22 -23 23 -25 -26 26 -28 -29 -30 -31
leaf_value=3.8374829316797297e-06 -0.00011413272852252961 0.0006606035185175342 -0.00085271759511166851 0.00033090832436952862 0.0035568954307149642 0.0017337738471025785 -0.00034382312603950516 -0.00093180536272055537 0.0046648534137587417 -0.000334753767174375 0.0014852690431370668 -0.0011496067531479904 -0.00056695489776171788 7.5768177306845011e-05 0.0008605885922599103 0.0034456009837017911 -0.0004454833528204393 -0.00019548758440412231 0.0024452133400728916 0.00039522558366771369 -0.00071106199178745482 2.1934068039160139e-05 0.00022123429948955517 0.00089234753906153558 -0.0010177535354683148 0.0011721570875038356 0.003294767079931277 0.0023738078894097055 -0.0027594222920377938 -0.0024460241176413491
leaf_weight=10647.752346634865 4613.5780883431435 428.16626441478729 5744.2917538881302 3613.4589372873306 231.63576257228851 245.98248887062073 14047.607195675373 6457.1078832745552 318.30571329593658 254.82636207342148 362.15658205747604 181.49591827392578 330.0975433588028 3836.6684538125992 13509.039918839931 502.84785437583923 12544.615599393845 322.35915541648865 200.31371408700943 11460.037474155426 5051.9393716454506 5091.2454778552055 3205.7809745669365 1406.740762591362 353.18987768888474 178.47426158189774 353.50923961400986 261.80319440364838 435.46245789527893 231.51293051242828
leaf_count=11096 4805 497 4555 4145 259 255 14772 5183 304 289 414 209 284 4182 14153 515 11200 386 240 11957 4787 5351 3475 1458 392 183 353 285 325 194
internal_value=0 0.000506101 -0.000423192 0.000395901 -0.000189659 0.00185477 -0.000216982 -0.000719819 0.0034207 0.0015583 0.00173489 0.0013178 -0.00107573 -0.000354606 0.000749469 0.00264435 -0.000574056 0.00028486 0.000805714 0.000172895 -0.00044158 0.000281028 0.000111503 0.000323093 9.47169e-05 0.00190273 0.00261191 0.00133256 -0.00199223 -0.00136816
internal_weight=0 47931.8 58490.2 44321.5 32747.1 3610.24 32515.5 25743.1 564.288 3045.95 2791.13 1926.12 7454.18 22936.2 17122.5 865.004 18288.9 704.169 522.673 27199 19099.5 16551.3 9579.29 4965.71 3558.97 1221.95 531.984 689.969 997.073 561.61
internal_count=106503 50632 55871 46702 34130 3930 33871 21741 559 3371 3082 2153 5986 23741 18298 929 15755 835 626 28404 19559 17308 10130 5325 3867 1318 536 782 803 478
is_linear=0
shrinkage=0.02


end of trees

feature_importances:
wick_imbalance=15
atr_pct=14
ret_3=13
atr_pct_1h=10
range_pct=9
atr_pct_lagged=9
close_pos=8
ret_1=7
momentum_strength=6
btc_impulse_score=6
price_acceleration=5
btc_ret_5m=5
ret_z_6=4
vol_acceleration=4
volume_conviction=4
alt_btc_lag_1=4
range_expansion_3=3
squeeze_score=3
btc_ret_1m=3
hour_sin=3
body_pct=2
ret_6=2
vol_ratio=2
hour_cos=2
dist_to_high_20=1
close_position_10=1
consecutive_dir=1
pullback_depth=1
atr_percentile_50=1
vol_skew=1
alt_btc_spread_5m=1

parameters:
[boosting: gbdt]
[objective: regression]
[metric: rmse,l1]
[tree_learner: serial]
[device_type: cpu]
[data_sample_strategy: bagging]
[data: ]
[valid: ]
[num_iterations: 500]
[learning_rate: 0.02]
[num_leaves: 31]
[num_threads: 0]
[seed: 42]
[deterministic: 0]
[force_col_wise: 0]
[force_row_wise: 0]
[histogram_pool_size: -1]
[max_depth: -1]
[min_data_in_leaf: 200]
[min_sum_hessian_in_leaf: 0.001]
[bagging_fraction: 0.7]
[pos_bagging_fraction: 1]
[neg_bagging_fraction: 1]
[bagging_freq: 3]
[bagging_seed: 400]
[feature_fraction: 0.7]
[feature_fraction_bynode: 1]
[feature_fraction_seed: 30056]
[extra_trees: 0]
[extra_seed: 12879]
[early_stopping_round: 0]
[early_stopping_min_delta: 0]
[first_metric_only: 0]
[max_delta_step: 0]
[lambda_l1: 0.5]
[lambda_l2: 3]
[linear_lambda: 0]
[min_gain_to_split: 0]
[drop_rate: 0.1]
[max_drop: 50]
[skip_drop: 0.5]
[xgboost_dart_mode: 0]
[uniform_drop: 0]
[drop_seed: 17869]
[top_rate: 0.2]
[other_rate: 0.1]
[min_data_per_group: 100]
[max_cat_threshold: 32]
[cat_l2: 10]
[cat_smooth: 10]
[max_cat_to_onehot: 4]
[top_k: 20]
[monotone_constraints: ]
[monotone_constraints_method: basic]
[monotone_penalty: 0]
[feature_contri: ]
[forcedsplits_filename: ]
[refit_decay_rate: 0.9]
[cegb_tradeoff: 1]
[cegb_penalty_split: 0]
[cegb_penalty_feature_lazy: ]
[cegb_penalty_feature_coupled: ]
[path_smooth: 0]
[interaction_constraints: ]
[verbosity: -1]
[saved_feature_importance_type: 0]
[use_quantized_grad: 0]
[num_grad_quant_bins: 4]
[quant_train_renew_leaf: 0]
[stochastic_rounding: 1]
[linear_tree: 0]
[max_bin: 255]
[max_bin_by_feature: ]
[min_data_in_bin: 3]
[bin_construct_sample_cnt: 200000]
[data_random_seed: 175]
[is_enable_sparse: 1]
[enable_bundle: 1]
[use_missing: 1]
[zero_as_missing: 0]
[feature_pre_filter: 1]
[pre_partition: 0]
[two_round: 0]
[header: 0]
[label_column: ]
[weight_column: ]
[group_column: ]
[ignore_column: ]
[categorical_feature: ]
[forcedbins_filename: ]
[precise_float_parser: 0]
[parser_config_file: ]
[objective_seed: 16083]
[num_class: 1]
[is_unbalance: 0]
[scale_pos_weight: 1]
[sigmoid: 1]
[boost_from_average: 1]
[reg_sqrt: 0]
[alpha: 0.9]
[fair_c: 1]
[poisson_max_delta_step: 0.7]
[tweedie_variance_power: 1.5]
[lambdarank_truncation_level: 30]
[lambdarank_norm: 1]
[label_gain: ]
[lambdarank_position_bias_regularization: 0]
[eval_at: ]
[multi_error_top_k: 1]
[auc_mu_weights: ]
[num_machines: 1]
[local_listen_port: 12400]
[time_out: 120]
[machine_list_filename: ]
[machines: ]
[gpu_platform_id: -1]
[gpu_device_id: -1]
[gpu_use_dp: 0]
[num_gpu: 1]

end of parameters

pandas_categorical:null
